*** Вариант**** 9.0
   dx= 233.33333333333334   dy= 244.44444444444446 Lz2=22.0 K1=0.92
 z=0 Zs1[0]=0.0
 z=1 Zs1[1]=0.0
 z=2 Zs1[2]=1.0
 z=3 Zs1[3]=1.0
 z=4 Zs1[4]=1.0
 z=5 Zs1[5]=1.0
 z=6 Zs1[6]=1.0
 z=7 Zs1[7]=1.0
 z=8 Zs1[8]=1.0
 z=9 Zs1[9]=1.0
   TK[0][0][0]  198.55555555555554  TK[0][0][1]  198.55555555555554  TK[0][0][2]  198.55555555555554  TK[0][0][3]  198.55555555555554  TK[0][0][4]  198.55555555555554  TK[0][0][5]  198.55555555555554  TK[0][0][6]  198.55555555555554  TK[0][0][7]  198.55555555555554  TK[0][0][8]  198.55555555555554  TK[0][0][9]  198.55555555555554 
   TK[1][0][0]  193.0  TK[1][0][1]  193.0  TK[1][0][2]  193.0  TK[1][0][3]  193.0  TK[1][0][4]  193.0  TK[1][0][5]  193.0  TK[1][0][6]  193.0  TK[1][0][7]  193.0  TK[1][0][8]  193.0  TK[1][0][9]  193.0 
   TK[2][0][0]  187.44444444444446  TK[2][0][1]  187.44444444444446  TK[2][0][2]  187.44444444444446  TK[2][0][3]  187.44444444444446  TK[2][0][4]  187.44444444444446  TK[2][0][5]  187.44444444444446  TK[2][0][6]  187.44444444444446  TK[2][0][7]  187.44444444444446  TK[2][0][8]  187.44444444444446  TK[2][0][9]  187.44444444444446 
   TK[3][0][0]  181.88888888888889  TK[3][0][1]  181.88888888888889  TK[3][0][2]  181.88888888888889  TK[3][0][3]  181.88888888888889  TK[3][0][4]  181.88888888888889  TK[3][0][5]  181.88888888888889  TK[3][0][6]  181.88888888888889  TK[3][0][7]  181.88888888888889  TK[3][0][8]  181.88888888888889  TK[3][0][9]  181.88888888888889 
   TK[4][0][0]  176.33333333333334  TK[4][0][1]  176.33333333333334  TK[4][0][2]  176.33333333333334  TK[4][0][3]  176.33333333333334  TK[4][0][4]  176.33333333333334  TK[4][0][5]  176.33333333333334  TK[4][0][6]  176.33333333333334  TK[4][0][7]  176.33333333333334  TK[4][0][8]  176.33333333333334  TK[4][0][9]  176.33333333333334 
   TK[5][0][0]  170.77777777777777  TK[5][0][1]  170.77777777777777  TK[5][0][2]  170.77777777777777  TK[5][0][3]  170.77777777777777  TK[5][0][4]  170.77777777777777  TK[5][0][5]  170.77777777777777  TK[5][0][6]  170.77777777777777  TK[5][0][7]  170.77777777777777  TK[5][0][8]  170.77777777777777  TK[5][0][9]  170.77777777777777 
   TK[6][0][0]  165.22222222222223  TK[6][0][1]  165.22222222222223  TK[6][0][2]  165.22222222222223  TK[6][0][3]  165.22222222222223  TK[6][0][4]  165.22222222222223  TK[6][0][5]  165.22222222222223  TK[6][0][6]  165.22222222222223  TK[6][0][7]  165.22222222222223  TK[6][0][8]  165.22222222222223  TK[6][0][9]  165.22222222222223 
   TK[7][0][0]  159.66666666666666  TK[7][0][1]  159.66666666666666  TK[7][0][2]  159.66666666666666  TK[7][0][3]  159.66666666666666  TK[7][0][4]  159.66666666666666  TK[7][0][5]  159.66666666666666  TK[7][0][6]  159.66666666666666  TK[7][0][7]  159.66666666666666  TK[7][0][8]  159.66666666666666  TK[7][0][9]  159.66666666666666 
   TK[8][0][0]  154.11111111111111  TK[8][0][1]  154.11111111111111  TK[8][0][2]  154.11111111111111  TK[8][0][3]  154.11111111111111  TK[8][0][4]  154.11111111111111  TK[8][0][5]  154.11111111111111  TK[8][0][6]  154.11111111111111  TK[8][0][7]  154.11111111111111  TK[8][0][8]  154.11111111111111  TK[8][0][9]  154.11111111111111 
   TK[9][0][0]  148.55555555555554  TK[9][0][1]  148.55555555555554  TK[9][0][2]  148.55555555555554  TK[9][0][3]  148.55555555555554  TK[9][0][4]  148.55555555555554  TK[9][0][5]  148.55555555555554  TK[9][0][6]  148.55555555555554  TK[9][0][7]  148.55555555555554  TK[9][0][8]  148.55555555555554  TK[9][0][9]  148.55555555555554 
   TK[0][1][0]  198.55555555555554  TK[0][1][1]  198.55555555555554  TK[0][1][2]  198.55555555555554  TK[0][1][3]  198.55555555555554  TK[0][1][4]  198.55555555555554  TK[0][1][5]  198.55555555555554  TK[0][1][6]  198.55555555555554  TK[0][1][7]  198.55555555555554  TK[0][1][8]  198.55555555555554  TK[0][1][9]  198.55555555555554 
   TK[1][1][0]  193.0  TK[1][1][1]  193.0  TK[1][1][2]  193.0  TK[1][1][3]  193.0  TK[1][1][4]  193.0  TK[1][1][5]  193.0  TK[1][1][6]  193.0  TK[1][1][7]  193.0  TK[1][1][8]  193.0  TK[1][1][9]  193.0 
   TK[2][1][0]  187.44444444444446  TK[2][1][1]  187.44444444444446  TK[2][1][2]  187.44444444444446  TK[2][1][3]  187.44444444444446  TK[2][1][4]  187.44444444444446  TK[2][1][5]  187.44444444444446  TK[2][1][6]  187.44444444444446  TK[2][1][7]  187.44444444444446  TK[2][1][8]  187.44444444444446  TK[2][1][9]  187.44444444444446 
   TK[3][1][0]  181.88888888888889  TK[3][1][1]  181.88888888888889  TK[3][1][2]  181.88888888888889  TK[3][1][3]  181.88888888888889  TK[3][1][4]  181.88888888888889  TK[3][1][5]  181.88888888888889  TK[3][1][6]  181.88888888888889  TK[3][1][7]  181.88888888888889  TK[3][1][8]  181.88888888888889  TK[3][1][9]  181.88888888888889 
   TK[4][1][0]  176.33333333333334  TK[4][1][1]  176.33333333333334  TK[4][1][2]  176.33333333333334  TK[4][1][3]  176.33333333333334  TK[4][1][4]  176.33333333333334  TK[4][1][5]  176.33333333333334  TK[4][1][6]  176.33333333333334  TK[4][1][7]  176.33333333333334  TK[4][1][8]  176.33333333333334  TK[4][1][9]  176.33333333333334 
   TK[5][1][0]  170.77777777777777  TK[5][1][1]  170.77777777777777  TK[5][1][2]  170.77777777777777  TK[5][1][3]  170.77777777777777  TK[5][1][4]  170.77777777777777  TK[5][1][5]  170.77777777777777  TK[5][1][6]  170.77777777777777  TK[5][1][7]  170.77777777777777  TK[5][1][8]  170.77777777777777  TK[5][1][9]  170.77777777777777 
   TK[6][1][0]  165.22222222222223  TK[6][1][1]  165.22222222222223  TK[6][1][2]  165.22222222222223  TK[6][1][3]  165.22222222222223  TK[6][1][4]  165.22222222222223  TK[6][1][5]  165.22222222222223  TK[6][1][6]  165.22222222222223  TK[6][1][7]  165.22222222222223  TK[6][1][8]  165.22222222222223  TK[6][1][9]  165.22222222222223 
   TK[7][1][0]  159.66666666666666  TK[7][1][1]  159.66666666666666  TK[7][1][2]  159.66666666666666  TK[7][1][3]  159.66666666666666  TK[7][1][4]  159.66666666666666  TK[7][1][5]  159.66666666666666  TK[7][1][6]  159.66666666666666  TK[7][1][7]  159.66666666666666  TK[7][1][8]  159.66666666666666  TK[7][1][9]  159.66666666666666 
   TK[8][1][0]  154.11111111111111  TK[8][1][1]  154.11111111111111  TK[8][1][2]  154.11111111111111  TK[8][1][3]  154.11111111111111  TK[8][1][4]  154.11111111111111  TK[8][1][5]  154.11111111111111  TK[8][1][6]  154.11111111111111  TK[8][1][7]  154.11111111111111  TK[8][1][8]  154.11111111111111  TK[8][1][9]  154.11111111111111 
   TK[9][1][0]  148.55555555555554  TK[9][1][1]  148.55555555555554  TK[9][1][2]  148.55555555555554  TK[9][1][3]  148.55555555555554  TK[9][1][4]  148.55555555555554  TK[9][1][5]  148.55555555555554  TK[9][1][6]  148.55555555555554  TK[9][1][7]  148.55555555555554  TK[9][1][8]  148.55555555555554  TK[9][1][9]  148.55555555555554 
   TK[0][2][0]  198.55555555555554  TK[0][2][1]  198.55555555555554  TK[0][2][2]  198.55555555555554  TK[0][2][3]  198.55555555555554  TK[0][2][4]  198.55555555555554  TK[0][2][5]  198.55555555555554  TK[0][2][6]  198.55555555555554  TK[0][2][7]  198.55555555555554  TK[0][2][8]  198.55555555555554  TK[0][2][9]  198.55555555555554 
   TK[1][2][0]  193.0  TK[1][2][1]  193.0  TK[1][2][2]  193.0  TK[1][2][3]  193.0  TK[1][2][4]  193.0  TK[1][2][5]  193.0  TK[1][2][6]  193.0  TK[1][2][7]  193.0  TK[1][2][8]  193.0  TK[1][2][9]  193.0 
   TK[2][2][0]  187.44444444444446  TK[2][2][1]  187.44444444444446  TK[2][2][2]  187.44444444444446  TK[2][2][3]  187.44444444444446  TK[2][2][4]  187.44444444444446  TK[2][2][5]  187.44444444444446  TK[2][2][6]  187.44444444444446  TK[2][2][7]  187.44444444444446  TK[2][2][8]  187.44444444444446  TK[2][2][9]  187.44444444444446 
   TK[3][2][0]  181.88888888888889  TK[3][2][1]  181.88888888888889  TK[3][2][2]  181.88888888888889  TK[3][2][3]  181.88888888888889  TK[3][2][4]  181.88888888888889  TK[3][2][5]  181.88888888888889  TK[3][2][6]  181.88888888888889  TK[3][2][7]  181.88888888888889  TK[3][2][8]  181.88888888888889  TK[3][2][9]  181.88888888888889 
   TK[4][2][0]  176.33333333333334  TK[4][2][1]  176.33333333333334  TK[4][2][2]  176.33333333333334  TK[4][2][3]  176.33333333333334  TK[4][2][4]  176.33333333333334  TK[4][2][5]  176.33333333333334  TK[4][2][6]  176.33333333333334  TK[4][2][7]  176.33333333333334  TK[4][2][8]  176.33333333333334  TK[4][2][9]  176.33333333333334 
   TK[5][2][0]  170.77777777777777  TK[5][2][1]  170.77777777777777  TK[5][2][2]  170.77777777777777  TK[5][2][3]  170.77777777777777  TK[5][2][4]  170.77777777777777  TK[5][2][5]  170.77777777777777  TK[5][2][6]  170.77777777777777  TK[5][2][7]  170.77777777777777  TK[5][2][8]  170.77777777777777  TK[5][2][9]  170.77777777777777 
   TK[6][2][0]  165.22222222222223  TK[6][2][1]  165.22222222222223  TK[6][2][2]  165.22222222222223  TK[6][2][3]  165.22222222222223  TK[6][2][4]  165.22222222222223  TK[6][2][5]  165.22222222222223  TK[6][2][6]  165.22222222222223  TK[6][2][7]  165.22222222222223  TK[6][2][8]  165.22222222222223  TK[6][2][9]  165.22222222222223 
   TK[7][2][0]  159.66666666666666  TK[7][2][1]  159.66666666666666  TK[7][2][2]  159.66666666666666  TK[7][2][3]  159.66666666666666  TK[7][2][4]  159.66666666666666  TK[7][2][5]  159.66666666666666  TK[7][2][6]  159.66666666666666  TK[7][2][7]  159.66666666666666  TK[7][2][8]  159.66666666666666  TK[7][2][9]  159.66666666666666 
   TK[8][2][0]  154.11111111111111  TK[8][2][1]  154.11111111111111  TK[8][2][2]  154.11111111111111  TK[8][2][3]  154.11111111111111  TK[8][2][4]  154.11111111111111  TK[8][2][5]  154.11111111111111  TK[8][2][6]  154.11111111111111  TK[8][2][7]  154.11111111111111  TK[8][2][8]  154.11111111111111  TK[8][2][9]  154.11111111111111 
   TK[9][2][0]  148.55555555555554  TK[9][2][1]  148.55555555555554  TK[9][2][2]  148.55555555555554  TK[9][2][3]  148.55555555555554  TK[9][2][4]  148.55555555555554  TK[9][2][5]  148.55555555555554  TK[9][2][6]  148.55555555555554  TK[9][2][7]  148.55555555555554  TK[9][2][8]  148.55555555555554  TK[9][2][9]  148.55555555555554 
   TK[0][3][0]  198.55555555555554  TK[0][3][1]  198.55555555555554  TK[0][3][2]  198.55555555555554  TK[0][3][3]  198.55555555555554  TK[0][3][4]  198.55555555555554  TK[0][3][5]  198.55555555555554  TK[0][3][6]  198.55555555555554  TK[0][3][7]  198.55555555555554  TK[0][3][8]  198.55555555555554  TK[0][3][9]  198.55555555555554 
   TK[1][3][0]  193.0  TK[1][3][1]  193.0  TK[1][3][2]  193.0  TK[1][3][3]  193.0  TK[1][3][4]  193.0  TK[1][3][5]  193.0  TK[1][3][6]  193.0  TK[1][3][7]  193.0  TK[1][3][8]  193.0  TK[1][3][9]  193.0 
   TK[2][3][0]  187.44444444444446  TK[2][3][1]  187.44444444444446  TK[2][3][2]  187.44444444444446  TK[2][3][3]  187.44444444444446  TK[2][3][4]  187.44444444444446  TK[2][3][5]  187.44444444444446  TK[2][3][6]  187.44444444444446  TK[2][3][7]  187.44444444444446  TK[2][3][8]  187.44444444444446  TK[2][3][9]  187.44444444444446 
   TK[3][3][0]  181.88888888888889  TK[3][3][1]  181.88888888888889  TK[3][3][2]  181.88888888888889  TK[3][3][3]  181.88888888888889  TK[3][3][4]  181.88888888888889  TK[3][3][5]  181.88888888888889  TK[3][3][6]  181.88888888888889  TK[3][3][7]  181.88888888888889  TK[3][3][8]  181.88888888888889  TK[3][3][9]  181.88888888888889 
   TK[4][3][0]  176.33333333333334  TK[4][3][1]  176.33333333333334  TK[4][3][2]  176.33333333333334  TK[4][3][3]  176.33333333333334  TK[4][3][4]  176.33333333333334  TK[4][3][5]  176.33333333333334  TK[4][3][6]  176.33333333333334  TK[4][3][7]  176.33333333333334  TK[4][3][8]  176.33333333333334  TK[4][3][9]  176.33333333333334 
   TK[5][3][0]  170.77777777777777  TK[5][3][1]  170.77777777777777  TK[5][3][2]  170.77777777777777  TK[5][3][3]  170.77777777777777  TK[5][3][4]  170.77777777777777  TK[5][3][5]  170.77777777777777  TK[5][3][6]  170.77777777777777  TK[5][3][7]  170.77777777777777  TK[5][3][8]  170.77777777777777  TK[5][3][9]  170.77777777777777 
   TK[6][3][0]  165.22222222222223  TK[6][3][1]  165.22222222222223  TK[6][3][2]  165.22222222222223  TK[6][3][3]  165.22222222222223  TK[6][3][4]  165.22222222222223  TK[6][3][5]  165.22222222222223  TK[6][3][6]  165.22222222222223  TK[6][3][7]  165.22222222222223  TK[6][3][8]  165.22222222222223  TK[6][3][9]  165.22222222222223 
   TK[7][3][0]  159.66666666666666  TK[7][3][1]  159.66666666666666  TK[7][3][2]  159.66666666666666  TK[7][3][3]  159.66666666666666  TK[7][3][4]  159.66666666666666  TK[7][3][5]  159.66666666666666  TK[7][3][6]  159.66666666666666  TK[7][3][7]  159.66666666666666  TK[7][3][8]  159.66666666666666  TK[7][3][9]  159.66666666666666 
   TK[8][3][0]  154.11111111111111  TK[8][3][1]  154.11111111111111  TK[8][3][2]  154.11111111111111  TK[8][3][3]  154.11111111111111  TK[8][3][4]  154.11111111111111  TK[8][3][5]  154.11111111111111  TK[8][3][6]  154.11111111111111  TK[8][3][7]  154.11111111111111  TK[8][3][8]  154.11111111111111  TK[8][3][9]  154.11111111111111 
   TK[9][3][0]  148.55555555555554  TK[9][3][1]  148.55555555555554  TK[9][3][2]  148.55555555555554  TK[9][3][3]  148.55555555555554  TK[9][3][4]  148.55555555555554  TK[9][3][5]  148.55555555555554  TK[9][3][6]  148.55555555555554  TK[9][3][7]  148.55555555555554  TK[9][3][8]  148.55555555555554  TK[9][3][9]  148.55555555555554 
   TK[0][4][0]  198.55555555555554  TK[0][4][1]  198.55555555555554  TK[0][4][2]  198.55555555555554  TK[0][4][3]  198.55555555555554  TK[0][4][4]  198.55555555555554  TK[0][4][5]  198.55555555555554  TK[0][4][6]  198.55555555555554  TK[0][4][7]  198.55555555555554  TK[0][4][8]  198.55555555555554  TK[0][4][9]  198.55555555555554 
   TK[1][4][0]  193.0  TK[1][4][1]  193.0  TK[1][4][2]  193.0  TK[1][4][3]  193.0  TK[1][4][4]  193.0  TK[1][4][5]  193.0  TK[1][4][6]  193.0  TK[1][4][7]  193.0  TK[1][4][8]  193.0  TK[1][4][9]  193.0 
   TK[2][4][0]  187.44444444444446  TK[2][4][1]  187.44444444444446  TK[2][4][2]  187.44444444444446  TK[2][4][3]  187.44444444444446  TK[2][4][4]  187.44444444444446  TK[2][4][5]  187.44444444444446  TK[2][4][6]  187.44444444444446  TK[2][4][7]  187.44444444444446  TK[2][4][8]  187.44444444444446  TK[2][4][9]  187.44444444444446 
   TK[3][4][0]  181.88888888888889  TK[3][4][1]  181.88888888888889  TK[3][4][2]  181.88888888888889  TK[3][4][3]  181.88888888888889  TK[3][4][4]  181.88888888888889  TK[3][4][5]  181.88888888888889  TK[3][4][6]  181.88888888888889  TK[3][4][7]  181.88888888888889  TK[3][4][8]  181.88888888888889  TK[3][4][9]  181.88888888888889 
   TK[4][4][0]  176.33333333333334  TK[4][4][1]  176.33333333333334  TK[4][4][2]  176.33333333333334  TK[4][4][3]  176.33333333333334  TK[4][4][4]  176.33333333333334  TK[4][4][5]  176.33333333333334  TK[4][4][6]  176.33333333333334  TK[4][4][7]  176.33333333333334  TK[4][4][8]  176.33333333333334  TK[4][4][9]  176.33333333333334 
   TK[5][4][0]  170.77777777777777  TK[5][4][1]  170.77777777777777  TK[5][4][2]  170.77777777777777  TK[5][4][3]  170.77777777777777  TK[5][4][4]  170.77777777777777  TK[5][4][5]  170.77777777777777  TK[5][4][6]  170.77777777777777  TK[5][4][7]  170.77777777777777  TK[5][4][8]  170.77777777777777  TK[5][4][9]  170.77777777777777 
   TK[6][4][0]  165.22222222222223  TK[6][4][1]  165.22222222222223  TK[6][4][2]  165.22222222222223  TK[6][4][3]  165.22222222222223  TK[6][4][4]  165.22222222222223  TK[6][4][5]  165.22222222222223  TK[6][4][6]  165.22222222222223  TK[6][4][7]  165.22222222222223  TK[6][4][8]  165.22222222222223  TK[6][4][9]  165.22222222222223 
   TK[7][4][0]  159.66666666666666  TK[7][4][1]  159.66666666666666  TK[7][4][2]  159.66666666666666  TK[7][4][3]  159.66666666666666  TK[7][4][4]  159.66666666666666  TK[7][4][5]  159.66666666666666  TK[7][4][6]  159.66666666666666  TK[7][4][7]  159.66666666666666  TK[7][4][8]  159.66666666666666  TK[7][4][9]  159.66666666666666 
   TK[8][4][0]  154.11111111111111  TK[8][4][1]  154.11111111111111  TK[8][4][2]  154.11111111111111  TK[8][4][3]  154.11111111111111  TK[8][4][4]  154.11111111111111  TK[8][4][5]  154.11111111111111  TK[8][4][6]  154.11111111111111  TK[8][4][7]  154.11111111111111  TK[8][4][8]  154.11111111111111  TK[8][4][9]  154.11111111111111 
   TK[9][4][0]  148.55555555555554  TK[9][4][1]  148.55555555555554  TK[9][4][2]  148.55555555555554  TK[9][4][3]  148.55555555555554  TK[9][4][4]  148.55555555555554  TK[9][4][5]  148.55555555555554  TK[9][4][6]  148.55555555555554  TK[9][4][7]  148.55555555555554  TK[9][4][8]  148.55555555555554  TK[9][4][9]  148.55555555555554 
   TK[0][5][0]  198.55555555555554  TK[0][5][1]  198.55555555555554  TK[0][5][2]  198.55555555555554  TK[0][5][3]  198.55555555555554  TK[0][5][4]  198.55555555555554  TK[0][5][5]  198.55555555555554  TK[0][5][6]  198.55555555555554  TK[0][5][7]  198.55555555555554  TK[0][5][8]  198.55555555555554  TK[0][5][9]  198.55555555555554 
   TK[1][5][0]  193.0  TK[1][5][1]  193.0  TK[1][5][2]  193.0  TK[1][5][3]  193.0  TK[1][5][4]  193.0  TK[1][5][5]  193.0  TK[1][5][6]  193.0  TK[1][5][7]  193.0  TK[1][5][8]  193.0  TK[1][5][9]  193.0 
   TK[2][5][0]  187.44444444444446  TK[2][5][1]  187.44444444444446  TK[2][5][2]  187.44444444444446  TK[2][5][3]  187.44444444444446  TK[2][5][4]  187.44444444444446  TK[2][5][5]  187.44444444444446  TK[2][5][6]  187.44444444444446  TK[2][5][7]  187.44444444444446  TK[2][5][8]  187.44444444444446  TK[2][5][9]  187.44444444444446 
   TK[3][5][0]  181.88888888888889  TK[3][5][1]  181.88888888888889  TK[3][5][2]  181.88888888888889  TK[3][5][3]  181.88888888888889  TK[3][5][4]  181.88888888888889  TK[3][5][5]  181.88888888888889  TK[3][5][6]  181.88888888888889  TK[3][5][7]  181.88888888888889  TK[3][5][8]  181.88888888888889  TK[3][5][9]  181.88888888888889 
   TK[4][5][0]  176.33333333333334  TK[4][5][1]  176.33333333333334  TK[4][5][2]  176.33333333333334  TK[4][5][3]  176.33333333333334  TK[4][5][4]  176.33333333333334  TK[4][5][5]  176.33333333333334  TK[4][5][6]  176.33333333333334  TK[4][5][7]  176.33333333333334  TK[4][5][8]  176.33333333333334  TK[4][5][9]  176.33333333333334 
   TK[5][5][0]  170.77777777777777  TK[5][5][1]  170.77777777777777  TK[5][5][2]  170.77777777777777  TK[5][5][3]  170.77777777777777  TK[5][5][4]  170.77777777777777  TK[5][5][5]  170.77777777777777  TK[5][5][6]  170.77777777777777  TK[5][5][7]  170.77777777777777  TK[5][5][8]  170.77777777777777  TK[5][5][9]  170.77777777777777 
   TK[6][5][0]  165.22222222222223  TK[6][5][1]  165.22222222222223  TK[6][5][2]  165.22222222222223  TK[6][5][3]  165.22222222222223  TK[6][5][4]  165.22222222222223  TK[6][5][5]  165.22222222222223  TK[6][5][6]  165.22222222222223  TK[6][5][7]  165.22222222222223  TK[6][5][8]  165.22222222222223  TK[6][5][9]  165.22222222222223 
   TK[7][5][0]  159.66666666666666  TK[7][5][1]  159.66666666666666  TK[7][5][2]  159.66666666666666  TK[7][5][3]  159.66666666666666  TK[7][5][4]  159.66666666666666  TK[7][5][5]  159.66666666666666  TK[7][5][6]  159.66666666666666  TK[7][5][7]  159.66666666666666  TK[7][5][8]  159.66666666666666  TK[7][5][9]  159.66666666666666 
   TK[8][5][0]  154.11111111111111  TK[8][5][1]  154.11111111111111  TK[8][5][2]  154.11111111111111  TK[8][5][3]  154.11111111111111  TK[8][5][4]  154.11111111111111  TK[8][5][5]  154.11111111111111  TK[8][5][6]  154.11111111111111  TK[8][5][7]  154.11111111111111  TK[8][5][8]  154.11111111111111  TK[8][5][9]  154.11111111111111 
   TK[9][5][0]  148.55555555555554  TK[9][5][1]  148.55555555555554  TK[9][5][2]  148.55555555555554  TK[9][5][3]  148.55555555555554  TK[9][5][4]  148.55555555555554  TK[9][5][5]  148.55555555555554  TK[9][5][6]  148.55555555555554  TK[9][5][7]  148.55555555555554  TK[9][5][8]  148.55555555555554  TK[9][5][9]  148.55555555555554 
   TK[0][6][0]  198.55555555555554  TK[0][6][1]  198.55555555555554  TK[0][6][2]  198.55555555555554  TK[0][6][3]  198.55555555555554  TK[0][6][4]  198.55555555555554  TK[0][6][5]  198.55555555555554  TK[0][6][6]  198.55555555555554  TK[0][6][7]  198.55555555555554  TK[0][6][8]  198.55555555555554  TK[0][6][9]  198.55555555555554 
   TK[1][6][0]  193.0  TK[1][6][1]  193.0  TK[1][6][2]  193.0  TK[1][6][3]  193.0  TK[1][6][4]  193.0  TK[1][6][5]  193.0  TK[1][6][6]  193.0  TK[1][6][7]  193.0  TK[1][6][8]  193.0  TK[1][6][9]  193.0 
   TK[2][6][0]  187.44444444444446  TK[2][6][1]  187.44444444444446  TK[2][6][2]  187.44444444444446  TK[2][6][3]  187.44444444444446  TK[2][6][4]  187.44444444444446  TK[2][6][5]  187.44444444444446  TK[2][6][6]  187.44444444444446  TK[2][6][7]  187.44444444444446  TK[2][6][8]  187.44444444444446  TK[2][6][9]  187.44444444444446 
   TK[3][6][0]  181.88888888888889  TK[3][6][1]  181.88888888888889  TK[3][6][2]  181.88888888888889  TK[3][6][3]  181.88888888888889  TK[3][6][4]  181.88888888888889  TK[3][6][5]  181.88888888888889  TK[3][6][6]  181.88888888888889  TK[3][6][7]  181.88888888888889  TK[3][6][8]  181.88888888888889  TK[3][6][9]  181.88888888888889 
   TK[4][6][0]  176.33333333333334  TK[4][6][1]  176.33333333333334  TK[4][6][2]  176.33333333333334  TK[4][6][3]  176.33333333333334  TK[4][6][4]  176.33333333333334  TK[4][6][5]  176.33333333333334  TK[4][6][6]  176.33333333333334  TK[4][6][7]  176.33333333333334  TK[4][6][8]  176.33333333333334  TK[4][6][9]  176.33333333333334 
   TK[5][6][0]  170.77777777777777  TK[5][6][1]  170.77777777777777  TK[5][6][2]  170.77777777777777  TK[5][6][3]  170.77777777777777  TK[5][6][4]  170.77777777777777  TK[5][6][5]  170.77777777777777  TK[5][6][6]  170.77777777777777  TK[5][6][7]  170.77777777777777  TK[5][6][8]  170.77777777777777  TK[5][6][9]  170.77777777777777 
   TK[6][6][0]  165.22222222222223  TK[6][6][1]  165.22222222222223  TK[6][6][2]  165.22222222222223  TK[6][6][3]  165.22222222222223  TK[6][6][4]  165.22222222222223  TK[6][6][5]  165.22222222222223  TK[6][6][6]  165.22222222222223  TK[6][6][7]  165.22222222222223  TK[6][6][8]  165.22222222222223  TK[6][6][9]  165.22222222222223 
   TK[7][6][0]  159.66666666666666  TK[7][6][1]  159.66666666666666  TK[7][6][2]  159.66666666666666  TK[7][6][3]  159.66666666666666  TK[7][6][4]  159.66666666666666  TK[7][6][5]  159.66666666666666  TK[7][6][6]  159.66666666666666  TK[7][6][7]  159.66666666666666  TK[7][6][8]  159.66666666666666  TK[7][6][9]  159.66666666666666 
   TK[8][6][0]  154.11111111111111  TK[8][6][1]  154.11111111111111  TK[8][6][2]  154.11111111111111  TK[8][6][3]  154.11111111111111  TK[8][6][4]  154.11111111111111  TK[8][6][5]  154.11111111111111  TK[8][6][6]  154.11111111111111  TK[8][6][7]  154.11111111111111  TK[8][6][8]  154.11111111111111  TK[8][6][9]  154.11111111111111 
   TK[9][6][0]  148.55555555555554  TK[9][6][1]  148.55555555555554  TK[9][6][2]  148.55555555555554  TK[9][6][3]  148.55555555555554  TK[9][6][4]  148.55555555555554  TK[9][6][5]  148.55555555555554  TK[9][6][6]  148.55555555555554  TK[9][6][7]  148.55555555555554  TK[9][6][8]  148.55555555555554  TK[9][6][9]  148.55555555555554 
   TK[0][7][0]  198.55555555555554  TK[0][7][1]  198.55555555555554  TK[0][7][2]  198.55555555555554  TK[0][7][3]  198.55555555555554  TK[0][7][4]  198.55555555555554  TK[0][7][5]  198.55555555555554  TK[0][7][6]  198.55555555555554  TK[0][7][7]  198.55555555555554  TK[0][7][8]  198.55555555555554  TK[0][7][9]  198.55555555555554 
   TK[1][7][0]  193.0  TK[1][7][1]  193.0  TK[1][7][2]  193.0  TK[1][7][3]  193.0  TK[1][7][4]  193.0  TK[1][7][5]  193.0  TK[1][7][6]  193.0  TK[1][7][7]  193.0  TK[1][7][8]  193.0  TK[1][7][9]  193.0 
   TK[2][7][0]  187.44444444444446  TK[2][7][1]  187.44444444444446  TK[2][7][2]  187.44444444444446  TK[2][7][3]  187.44444444444446  TK[2][7][4]  187.44444444444446  TK[2][7][5]  187.44444444444446  TK[2][7][6]  187.44444444444446  TK[2][7][7]  187.44444444444446  TK[2][7][8]  187.44444444444446  TK[2][7][9]  187.44444444444446 
   TK[3][7][0]  181.88888888888889  TK[3][7][1]  181.88888888888889  TK[3][7][2]  181.88888888888889  TK[3][7][3]  181.88888888888889  TK[3][7][4]  181.88888888888889  TK[3][7][5]  181.88888888888889  TK[3][7][6]  181.88888888888889  TK[3][7][7]  181.88888888888889  TK[3][7][8]  181.88888888888889  TK[3][7][9]  181.88888888888889 
   TK[4][7][0]  176.33333333333334  TK[4][7][1]  176.33333333333334  TK[4][7][2]  176.33333333333334  TK[4][7][3]  176.33333333333334  TK[4][7][4]  176.33333333333334  TK[4][7][5]  176.33333333333334  TK[4][7][6]  176.33333333333334  TK[4][7][7]  176.33333333333334  TK[4][7][8]  176.33333333333334  TK[4][7][9]  176.33333333333334 
   TK[5][7][0]  170.77777777777777  TK[5][7][1]  170.77777777777777  TK[5][7][2]  170.77777777777777  TK[5][7][3]  170.77777777777777  TK[5][7][4]  170.77777777777777  TK[5][7][5]  170.77777777777777  TK[5][7][6]  170.77777777777777  TK[5][7][7]  170.77777777777777  TK[5][7][8]  170.77777777777777  TK[5][7][9]  170.77777777777777 
   TK[6][7][0]  165.22222222222223  TK[6][7][1]  165.22222222222223  TK[6][7][2]  165.22222222222223  TK[6][7][3]  165.22222222222223  TK[6][7][4]  165.22222222222223  TK[6][7][5]  165.22222222222223  TK[6][7][6]  165.22222222222223  TK[6][7][7]  165.22222222222223  TK[6][7][8]  165.22222222222223  TK[6][7][9]  165.22222222222223 
   TK[7][7][0]  159.66666666666666  TK[7][7][1]  159.66666666666666  TK[7][7][2]  159.66666666666666  TK[7][7][3]  159.66666666666666  TK[7][7][4]  159.66666666666666  TK[7][7][5]  159.66666666666666  TK[7][7][6]  159.66666666666666  TK[7][7][7]  159.66666666666666  TK[7][7][8]  159.66666666666666  TK[7][7][9]  159.66666666666666 
   TK[8][7][0]  154.11111111111111  TK[8][7][1]  154.11111111111111  TK[8][7][2]  154.11111111111111  TK[8][7][3]  154.11111111111111  TK[8][7][4]  154.11111111111111  TK[8][7][5]  154.11111111111111  TK[8][7][6]  154.11111111111111  TK[8][7][7]  154.11111111111111  TK[8][7][8]  154.11111111111111  TK[8][7][9]  154.11111111111111 
   TK[9][7][0]  148.55555555555554  TK[9][7][1]  148.55555555555554  TK[9][7][2]  148.55555555555554  TK[9][7][3]  148.55555555555554  TK[9][7][4]  148.55555555555554  TK[9][7][5]  148.55555555555554  TK[9][7][6]  148.55555555555554  TK[9][7][7]  148.55555555555554  TK[9][7][8]  148.55555555555554  TK[9][7][9]  148.55555555555554 
   TK[0][8][0]  198.55555555555554  TK[0][8][1]  198.55555555555554  TK[0][8][2]  198.55555555555554  TK[0][8][3]  198.55555555555554  TK[0][8][4]  198.55555555555554  TK[0][8][5]  198.55555555555554  TK[0][8][6]  198.55555555555554  TK[0][8][7]  198.55555555555554  TK[0][8][8]  198.55555555555554  TK[0][8][9]  198.55555555555554 
   TK[1][8][0]  193.0  TK[1][8][1]  193.0  TK[1][8][2]  193.0  TK[1][8][3]  193.0  TK[1][8][4]  193.0  TK[1][8][5]  193.0  TK[1][8][6]  193.0  TK[1][8][7]  193.0  TK[1][8][8]  193.0  TK[1][8][9]  193.0 
   TK[2][8][0]  187.44444444444446  TK[2][8][1]  187.44444444444446  TK[2][8][2]  187.44444444444446  TK[2][8][3]  187.44444444444446  TK[2][8][4]  187.44444444444446  TK[2][8][5]  187.44444444444446  TK[2][8][6]  187.44444444444446  TK[2][8][7]  187.44444444444446  TK[2][8][8]  187.44444444444446  TK[2][8][9]  187.44444444444446 
   TK[3][8][0]  181.88888888888889  TK[3][8][1]  181.88888888888889  TK[3][8][2]  181.88888888888889  TK[3][8][3]  181.88888888888889  TK[3][8][4]  181.88888888888889  TK[3][8][5]  181.88888888888889  TK[3][8][6]  181.88888888888889  TK[3][8][7]  181.88888888888889  TK[3][8][8]  181.88888888888889  TK[3][8][9]  181.88888888888889 
   TK[4][8][0]  176.33333333333334  TK[4][8][1]  176.33333333333334  TK[4][8][2]  176.33333333333334  TK[4][8][3]  176.33333333333334  TK[4][8][4]  176.33333333333334  TK[4][8][5]  176.33333333333334  TK[4][8][6]  176.33333333333334  TK[4][8][7]  176.33333333333334  TK[4][8][8]  176.33333333333334  TK[4][8][9]  176.33333333333334 
   TK[5][8][0]  170.77777777777777  TK[5][8][1]  170.77777777777777  TK[5][8][2]  170.77777777777777  TK[5][8][3]  170.77777777777777  TK[5][8][4]  170.77777777777777  TK[5][8][5]  170.77777777777777  TK[5][8][6]  170.77777777777777  TK[5][8][7]  170.77777777777777  TK[5][8][8]  170.77777777777777  TK[5][8][9]  170.77777777777777 
   TK[6][8][0]  165.22222222222223  TK[6][8][1]  165.22222222222223  TK[6][8][2]  165.22222222222223  TK[6][8][3]  165.22222222222223  TK[6][8][4]  165.22222222222223  TK[6][8][5]  165.22222222222223  TK[6][8][6]  165.22222222222223  TK[6][8][7]  165.22222222222223  TK[6][8][8]  165.22222222222223  TK[6][8][9]  165.22222222222223 
   TK[7][8][0]  159.66666666666666  TK[7][8][1]  159.66666666666666  TK[7][8][2]  159.66666666666666  TK[7][8][3]  159.66666666666666  TK[7][8][4]  159.66666666666666  TK[7][8][5]  159.66666666666666  TK[7][8][6]  159.66666666666666  TK[7][8][7]  159.66666666666666  TK[7][8][8]  159.66666666666666  TK[7][8][9]  159.66666666666666 
   TK[8][8][0]  154.11111111111111  TK[8][8][1]  154.11111111111111  TK[8][8][2]  154.11111111111111  TK[8][8][3]  154.11111111111111  TK[8][8][4]  154.11111111111111  TK[8][8][5]  154.11111111111111  TK[8][8][6]  154.11111111111111  TK[8][8][7]  154.11111111111111  TK[8][8][8]  154.11111111111111  TK[8][8][9]  154.11111111111111 
   TK[9][8][0]  148.55555555555554  TK[9][8][1]  148.55555555555554  TK[9][8][2]  148.55555555555554  TK[9][8][3]  148.55555555555554  TK[9][8][4]  148.55555555555554  TK[9][8][5]  148.55555555555554  TK[9][8][6]  148.55555555555554  TK[9][8][7]  148.55555555555554  TK[9][8][8]  148.55555555555554  TK[9][8][9]  148.55555555555554 
   TK[0][9][0]  198.55555555555554  TK[0][9][1]  198.55555555555554  TK[0][9][2]  198.55555555555554  TK[0][9][3]  198.55555555555554  TK[0][9][4]  198.55555555555554  TK[0][9][5]  198.55555555555554  TK[0][9][6]  198.55555555555554  TK[0][9][7]  198.55555555555554  TK[0][9][8]  198.55555555555554  TK[0][9][9]  198.55555555555554 
   TK[1][9][0]  193.0  TK[1][9][1]  193.0  TK[1][9][2]  193.0  TK[1][9][3]  193.0  TK[1][9][4]  193.0  TK[1][9][5]  193.0  TK[1][9][6]  193.0  TK[1][9][7]  193.0  TK[1][9][8]  193.0  TK[1][9][9]  193.0 
   TK[2][9][0]  187.44444444444446  TK[2][9][1]  187.44444444444446  TK[2][9][2]  187.44444444444446  TK[2][9][3]  187.44444444444446  TK[2][9][4]  187.44444444444446  TK[2][9][5]  187.44444444444446  TK[2][9][6]  187.44444444444446  TK[2][9][7]  187.44444444444446  TK[2][9][8]  187.44444444444446  TK[2][9][9]  187.44444444444446 
   TK[3][9][0]  181.88888888888889  TK[3][9][1]  181.88888888888889  TK[3][9][2]  181.88888888888889  TK[3][9][3]  181.88888888888889  TK[3][9][4]  181.88888888888889  TK[3][9][5]  181.88888888888889  TK[3][9][6]  181.88888888888889  TK[3][9][7]  181.88888888888889  TK[3][9][8]  181.88888888888889  TK[3][9][9]  181.88888888888889 
   TK[4][9][0]  176.33333333333334  TK[4][9][1]  176.33333333333334  TK[4][9][2]  176.33333333333334  TK[4][9][3]  176.33333333333334  TK[4][9][4]  176.33333333333334  TK[4][9][5]  176.33333333333334  TK[4][9][6]  176.33333333333334  TK[4][9][7]  176.33333333333334  TK[4][9][8]  176.33333333333334  TK[4][9][9]  176.33333333333334 
   TK[5][9][0]  170.77777777777777  TK[5][9][1]  170.77777777777777  TK[5][9][2]  170.77777777777777  TK[5][9][3]  170.77777777777777  TK[5][9][4]  170.77777777777777  TK[5][9][5]  170.77777777777777  TK[5][9][6]  170.77777777777777  TK[5][9][7]  170.77777777777777  TK[5][9][8]  170.77777777777777  TK[5][9][9]  170.77777777777777 
   TK[6][9][0]  165.22222222222223  TK[6][9][1]  165.22222222222223  TK[6][9][2]  165.22222222222223  TK[6][9][3]  165.22222222222223  TK[6][9][4]  165.22222222222223  TK[6][9][5]  165.22222222222223  TK[6][9][6]  165.22222222222223  TK[6][9][7]  165.22222222222223  TK[6][9][8]  165.22222222222223  TK[6][9][9]  165.22222222222223 
   TK[7][9][0]  159.66666666666666  TK[7][9][1]  159.66666666666666  TK[7][9][2]  159.66666666666666  TK[7][9][3]  159.66666666666666  TK[7][9][4]  159.66666666666666  TK[7][9][5]  159.66666666666666  TK[7][9][6]  159.66666666666666  TK[7][9][7]  159.66666666666666  TK[7][9][8]  159.66666666666666  TK[7][9][9]  159.66666666666666 
   TK[8][9][0]  154.11111111111111  TK[8][9][1]  154.11111111111111  TK[8][9][2]  154.11111111111111  TK[8][9][3]  154.11111111111111  TK[8][9][4]  154.11111111111111  TK[8][9][5]  154.11111111111111  TK[8][9][6]  154.11111111111111  TK[8][9][7]  154.11111111111111  TK[8][9][8]  154.11111111111111  TK[8][9][9]  154.11111111111111 
   TK[9][9][0]  148.55555555555554  TK[9][9][1]  148.55555555555554  TK[9][9][2]  148.55555555555554  TK[9][9][3]  148.55555555555554  TK[9][9][4]  148.55555555555554  TK[9][9][5]  148.55555555555554  TK[9][9][6]  148.55555555555554  TK[9][9][7]  148.55555555555554  TK[9][9][8]  148.55555555555554  TK[9][9][9]  148.55555555555554 
 z=0   T2[5][9][0]=170.77777777777777
 z=1   T2[5][9][1]=170.77777777777777
 z=2   T2[5][9][2]=170.77777777777777
 z=3   T2[5][9][3]=170.77777777777777
 z=4   T2[5][9][4]=170.77777777777777
 z=5   T2[5][9][5]=170.77777777777777
 z=6   T2[5][9][6]=170.77777777777777
 z=7   T2[5][9][7]=170.77777777777777
 z=8   T2[5][9][8]=170.77777777777777
 z=9   T2[5][9][9]=170.77777777777777
 Kkor  1.91
